0
672
3 0
7 9314
11 24965
13 24974
16 24975
18 24976
21 24977
23 24978
25 24979
28 24980
30 24981
32 24982
35 24983
37 24984
39 24985
41 24986
43 24987
45 24988
47 24989
50 24990
53 24991
56 24992
58 24993
61 24994
64 24995
66 24996
69 24997
71 24998
74 24999
76 25000
78 25001
81 25002
83 25003
86 25004
89 25005
93 25006
96 25007
99 25008
102 25009
104 25010
106 25011
109 25012
111 25013
113 25014
115 25015
118 25016
121 25017
124 25018
126 25019
128 25020
131 25021
134 25022
137 25023
139 25024
141 25025
144 25026
146 25027
148 25028
151 25029
154 25030
157 25031
159 25032
161 25033
163 25034
165 25035
167 25036
170 25037
172 25038
175 25039
177 25040
180 25041
183 25042
186 25043
189 25044
193 25045
196 25046
198 25047
200 25048
203 25049
205 25050
208 25051
211 25052
214 25053
216 25054
219 25055
222 25056
224 25057
227 25058
229 25059
232 25060
234 25061
237 25062
240 25063
242 25064
245 25065
247 25066
249 25067
251 25068
253 25069
255 25070
258 25071
261 25072
264 25073
267 25074
269 25075
272 25076
275 25077
277 25078
280 25079
283 25080
287 25081
289 25082
292 25083
294 25084
297 25085
300 25086
302 25087
304 25088
307 25089
310 25090
313 25091
316 25092
319 25093
322 25094
325 25095
328 25096
330 25097
332 25098
335 25099
338 25100
341 25101
343 25102
346 25103
348 25104
350 25105
353 25106
355 25107
358 25108
360 25109
362 25110
364 25111
367 25112
370 25113
372 25114
374 25115
377 25116
379 25117
382 25118
385 25119
387 25120
390 25121
392 25122
394 25123
396 25124
399 25125
401 25126
403 25127
405 25128
407 25129
410 25130
412 25131
414 25132
417 25133
419 25134
422 25135
424 25136
427 25137
430 25138
432 25139
435 25140
438 25141
440 25142
442 25143
445 25144
447 25145
450 25146
452 25147
455 25148
457 25149
459 25150
461 25151
463 25152
466 25153
468 25154
470 25155
473 25156
476 25157
478 25158
480 25159
482 25160
484 25161
486 25162
489 25163
491 25164
494 25165
496 25166
498 25167
500 25168
502 25169
505 25170
507 25171
509 25172
512 25173
514 25174
517 25175
520 25176
523 25177
526 25178
528 25179
530 25180
532 25181
535 25182
539 25183
541 25184
543 25185
545 25186
547 25187
550 25188
552 25189
555 25190
557 25191
559 25192
562 25193
564 25194
567 25195
570 25196
572 25197
575 25198
577 25199
580 25200
582 25201
585 25202
587 25203
590 25204
593 25205
595 25206
598 25207
600 25208
602 25209
605 25210
607 25211
610 25212
612 25213
615 25214
617 25215
619 25216
621 25217
623 25218
626 25219
629 25220
631 25221
633 25222
635 25223
637 25224
639 25225
641 25226
644 25227
647 25228
650 25229
652 25230
655 25231
658 25232
661 25233
664 25234
666 25235
669 25236
671 25237
674 25238
677 25239
679 25240
682 25241
686 25242
689 25243
691 25244
694 25245
696 25246
698 25247
701 25248
704 25249
706 25250
709 25251
712 25252
715 25253
718 25254
721 25255
723 25256
725 25257
727 25258
729 25259
732 25260
734 25261
736 25262
739 25263
741 25264
743 25265
745 25266
747 25267
750 25268
753 25269
756 25270
758 25271
760 25272
762 25273
765 25274
767 25275
769 25276
771 25277
774 25278
777 25279
779 25280
782 25281
785 25282
787 25283
790 25284
793 25285
796 25286
799 25287
802 25288
804 25289
807 25290
809 25291
811 25292
813 25293
815 25294
817 25295
819 25296
821 25297
824 25298
827 25299
829 25300
832 25301
834 25302
837 25303
840 25304
842 25305
845 25306
847 25307
849 25308
852 25309
855 25310
858 25311
861 25312
865 25313
868 25314
870 25315
872 25316
874 25317
877 25318
880 25319
882 25320
884 25321
887 25322
889 25323
891 25324
894 25325
896 25326
899 25327
901 25328
904 25329
907 25330
910 25331
913 25332
915 25333
918 25334
920 25335
923 25336
926 25337
929 25338
931 25339
934 25340
937 25341
940 25342
942 25343
945 25344
948 25345
950 25346
952 25347
955 25348
957 25349
960 25350
963 25351
965 25352
968 25353
971 25354
973 25355
975 25356
977 25357
979 25358
981 25359
983 25360
986 25361
988 25362
990 25363
992 25364
995 25365
997 25366
999 25367
1001 25368
1003 25369
1005 25370
1007 25371
1010 25372
1012 25373
1014 25374
1016 25375
1019 25376
1022 25377
1025 25378
1028 25379
1031 25380
1033 25381
1036 25382
1039 25383
1041 25384
1044 25385
1046 25386
1048 25387
1051 25388
1055 25389
1057 25390
1060 25391
1062 25392
1064 25393
1066 25394
1068 25395
1070 25396
1072 25397
1074 25398
1076 25399
1079 25400
1081 25401
1084 25402
1087 25403
1089 25404
1092 25405
1095 25406
1097 25407
1100 25408
1103 25409
1105 25410
1107 25411
1110 25412
1112 25413
1114 25414
1118 25415
1121 25416
1124 25417
1127 25418
1129 25419
1132 25420
1135 25421
1138 25422
1141 25423
1143 25424
1146 25425
1149 25426
1152 25427
1155 25428
1158 25429
1161 25430
1163 25431
1165 25432
1167 25433
1169 25434
1171 25435
1174 25436
1177 25437
1179 25438
1181 25439
1183 25440
1186 25441
1189 25442
1191 25443
1193 25444
1196 25445
1199 25446
1201 25447
1204 25448
1206 25449
1209 25450
1211 25451
1213 25452
1215 25453
1217 25454
1219 25455
1222 25456
1225 25457
1227 25458
1229 25459
1231 25460
1233 25461
1236 25462
1239 25463
1242 25464
1245 25465
1248 25466
1250 25467
1252 25468
1255 25469
1258 25470
1260 25471
1263 25472
1266 25473
1268 25474
1270 25475
1272 25476
1275 25477
1277 25478
1280 25479
1283 25480
1285 25481
1287 25482
1289 25483
1292 25484
1295 25485
1297 25486
1299 25487
1302 25488
1304 25489
1306 25490
1308 25491
1311 25492
1314 25493
1316 25494
1318 25495
1321 25496
1324 25497
1326 25498
1329 25499
1332 25500
1335 25501
1338 25502
1340 25503
1343 25504
1345 25505
1348 25506
1350 25507
1353 25508
1356 25509
1359 25510
1362 25511
1364 25512
1367 25513
1370 25514
1373 25515
1375 25516
1378 25517
1380 25518
1382 25519
1384 25520
1386 25521
1388 25522
1390 25523
1392 25524
1394 25525
1396 25526
1398 25527
1400 25528
1403 25529
1406 25530
1408 25531
1411 25532
1414 25533
1416 25534
1418 25535
1420 25536
1422 25537
1425 25538
1427 25539
1429 25540
1431 25541
1434 25542
1436 25543
1438 25544
1441 25545
1443 25546
1446 25547
1448 25548
1451 25549
1454 25550
1456 25551
1459 25552
1461 25553
1463 25554
1466 25555
1469 25556
1471 25557
1473 25558
1475 25559
1477 25560
1480 25561
1482 25562
1484 25563
1487 25564
1489 25565
1492 25566
1494 25567
1496 25568
1499 25569
1502 25570
1505 25571
1508 25572
1510 25573
1512 25574
1515 25575
1518 25576
1520 25577
1523 25578
1525 25579
1527 25580
1529 25581
1532 25582
1534 25583
1537 25584
1539 25585
1541 25586
1544 25587
1547 25588
1549 25589
1552 25590
1554 25591
1556 25592
1558 25593
1561 25594
1563 25595
1566 25596
1569 25597
1571 25598
1573 25599
1575 25600
1578 25601
1581 25602
1583 25603
1585 25604
1588 25605
1590 25606
1593 25607
1596 25608
1599 25609
1603 25610
1605 25611
1608 25612
1610 25613
1613 25614
1616 25615
1619 25616
1622 25617
1624 25618
1626 25619
1629 25620
1631 25621
1634 25622
1636 25623
1638 25624
1641 25625
1643 25626
1646 25627
1649 25628
1652 25629
1655 25630
1657 25631
1660 25632
1663 25633
1665 25634
1667 25635
1669 25636
1672 25637
1674 25638
1676 25639
1678 25640
1681 25641
1684 25642
